
power = 2197.53034743746
throughput = 9361.96
composite = 4535.76798475138
